1032
#
3192 3.09978
3193 1.66765e-12
3194 0
20295 2.99972
20296 1.66724e-12
20297 0
11865 7.21572
11866 1.61027e-12
11867 0
13767 7.11419
13768 1.61578e-12
13769 0
3153 7.89979
3154 8
3155 0
15519 8
15520 8
15521 0
7779 8
7780 7.91287
7781 0
54 -1.73018e-13
55 0.258021
56 0
20556 1.93145e-12
20557 0.171277
20558 0
12189 0.885807
12190 1.61578e-12
12191 0
16425 0.987303
16426 1.62081e-12
16427 0
72 -1.76947e-13
73 4.41678
74 0
20565 1.93191e-12
20566 4.50339
20567 0
78 -1.76833e-13
79 4.59002
80 0
8439 2.6994
8440 1.66544e-12
8441 0
11097 2.59923
11098 1.66458e-12
11099 0
16542 7.41868
16543 1.59628e-12
16544 0
19578 7.51993
19579 1.58585e-12
19580 0
10908 7.62079
10909 1.56989e-12
10910 0
12801 7.72086
12802 1.54287e-12
12803 0
10617 7.0127
10618 1.62081e-12
10619 0
2493 6.91126
2494 1.62549e-12
2495 0
16734 6.80991
16735 1.62988e-12
16736 0
21609 6.70866
21610 1.634e-12
21611 0
5907 6.20394
5908 1.65069e-12
5909 0
20502 6.10329
20503 1.65324e-12
20504 0
3726 4.70012
3727 1.66823e-12
3728 0
14475 4.60009
14476 1.66843e-12
14477 0
15930 4.50007
15931 1.66859e-12
15932 0
3 0
4 8
5 0
9075 0.100215
9076 8
9077 0
5034 8
5035 0.778687
5036 0
14853 8
14854 0.86537
14855 0
12924 8
12925 7.82401
12926 0
22014 8
22015 7.73544
22016 0
660 6.90683
661 8
662 0
13506 7.00734
13507 8
13508 0
13773 3.49995
13774 8
13775 0
15798 3.59996
15799 8
15800 0
14388 3.09983
14389 8
14390 0
22182 2.99978
22183 8
22184 0
81 -1.28956e-13
82 0.0844823
83 0
0 0
1 0
2 0
8499 0.0858633
8500 1.40169e-12
8501 0
19836 0.180688
19837 1.49603e-12
19838 0
138 -1.77405e-13
139 0.778687
140 0
20637 1.93474e-12
20638 0.691889
20639 0
99 -1.77172e-13
100 0.605177
101 0
42 -1.76158e-13
43 0.431606
44 0
20604 1.93375e-12
20605 0.344809
20606 0
20526 1.93488e-12
20527 0.518354
20528 0
13326 2.79953
13327 1.66615e-12
13328 0
13482 2.29851
13483 1.66099e-12
13484 0
15162 2.3988
15163 1.66237e-12
15164 0
15516 8
15517 0
15518 0
22215 7.91414
22216 1.40169e-12
22217 0
21024 8
21025 0.0844823
21026 0
17865 7.81931
17866 1.49603e-12
17867 0
2283 7.31724
2284 1.60398e-12
2285 0
240 6.6075
241 1.63786e-12
242 0
17040 5.90225
17041 1.65759e-12
17042 0
19104 5.80184
19105 1.6594e-12
19106 0
14679 8
14680 0.431606
14681 0
14856 8
14857 0.344809
14858 0
3762 3.39991
3763 1.66843e-12
3764 0
21708 3.49993
21709 1.66859e-12
21710 0
8655 3.89999
8656 1.66889e-12
8657 0
16866 3.79998
16867 1.66885e-12
16868 0
11349 4.10001
11350 1.66889e-12
11351 0
15492 4
15493 1.6689e-12
15494 0
3234 3.29988
3235 1.66823e-12
3236 0
8223 3.19983
8224 1.66797e-12
8225 0
4626 5.50096
4627 1.66356e-12
4628 0
5943 5.6012
5944 1.66237e-12
5945 0
3810 5.3006
3811 1.66544e-12
3812 0
12171 5.20047
12172 1.66615e-12
12173 0
14763 5.40077
14764 1.66458e-12
14765 0
7422 4.20002
7423 1.66885e-12
7424 0
19716 4.30003
19717 1.66879e-12
19718 0
3750 4.90022
3751 1.66765e-12
3752 0
18213 5.00028
18214 1.66724e-12
18215 0
105 -7.68272e-14
106 7.73544
107 0
20616 1.58767e-12
20617 7.82401
20618 0
18 -1.59894e-13
19 7.02732
20 0
20571 1.94014e-12
20572 6.93933
20573 0
66 -1.70306e-13
67 6.15196
68 0
20547 1.93461e-12
20548 6.23905
20549 0
9 -1.68569e-13
10 6.32632
11 0
45 -1.76074e-13
46 5.10988
47 0
20562 1.93206e-12
20563 5.0232
20564 0
14196 8
14197 3.81052
14198 0
15642 8
15643 3.89712
15644 0
15663 8
15664 3.72391
15665 0
5052 8
5053 0.952126
5054 0
3597 8
3598 5.71709
3599 0
11538 8
11539 5.80399
11540 0
11778 7.60512
11779 8
11780 0
14412 7.50651
14413 8
14414 0
19272 7.70328
19273 8
19274 0
9834 7.80137
9835 8
9836 0
1854 7.4074
1855 8
1856 0
20454 7.30783
20455 8
20456 0
5439 7.20791
5440 8
5441 0
3594 8
3595 5.89087
3596 0
21555 8
21556 5.97787
21557 0
9537 3.79998
9538 8
9539 0
19887 3.69997
19888 8
19889 0
13788 1.29436
13789 8
13790 0
18207 1.39498
18208 8
18209 0
6411 1.09317
6412 8
6413 0
9621 0.992662
9622 8
9623 0
6315 0.892283
6316 8
6317 0
6522 3.2999
6523 8
6524 0
11733 3.39993
11734 8
11735 0
1986 2.29888
1987 8
1988 0
19938 2.19863
19939 8
19940 0
10767 2.39909
10768 8
10769 0
22116 2.49927
22117 8
22118 0
8604 0.379209
8605 1.56989e-12
8606 0
12909 0.480065
12910 1.58585e-12
12911 0
6228 1.3925
6229 1.63786e-12
6230 0
11988 1.29134
11989 1.634e-12
11990 0
9330 1.99727
9331 1.65554e-12
9332 0
11007 2.09775
11008 1.65759e-12
11009 0
21168 2.19816
21169 1.6594e-12
21170 0
51 -1.77323e-13
52 1.1255
53 0
20610 1.93304e-12
20611 1.21214
20612 0
24 -1.77252e-13
25 1.29882
26 0
96 -1.77136e-13
97 2.68468
98 0
20553 1.93187e-12
20554 2.77128
20555 0
132 -1.77136e-13
133 2.85788
134 0
20520 1.93187e-12
20521 2.94449
20522 0
114 -1.77131e-13
115 3.3775
116 0
20631 1.93187e-12
20632 3.2909
20633 0
36 -1.77134e-13
37 3.20429
38 0
20532 1.93187e-12
20533 3.11769
20534 0
63 -1.77141e-13
64 1.99183
65 0
20640 1.93197e-12
20641 2.07844
20642 0
6 -1.77137e-13
7 2.16505
8 0
10824 2.89963
10825 1.66675e-12
10826 0
12999 2.49904
13000 1.66356e-12
13001 0
11541 8
11542 0.258021
11543 0
12069 6.30468
12070 1.64788e-12
12071 0
16497 6.40551
16498 1.6448e-12
16499 0
22212 6.50646
22213 1.64146e-12
22214 0
20274 5.70149
20275 1.66099e-12
20276 0
2019 6.00273
2020 1.65554e-12
2021 0
5064 8
5065 0.605177
5066 0
14859 8
14860 0.518354
14861 0
14862 8
14863 0.691889
14864 0
3567 8
3568 1.73198
3569 0
5055 8
5056 1.64537
5057 0
5076 8
5077 1.8186
5078 0
2295 3.59995
2296 1.66871e-12
2297 0
15774 3.69997
15775 1.66879e-12
15776 0
3210 4.40005
3211 1.66871e-12
3212 0
20559 1.99038e-12
20560 7.91287
20561 0
20589 1.94187e-12
20590 7.11548
20591 0
20613 1.9356e-12
20614 6.41356
20615 0
21 -1.64546e-13
22 6.67602
23 0
20634 1.93686e-12
20635 6.58841
20636 0
48 -1.62318e-13
49 6.85145
50 0
111 -1.71819e-13
112 5.97787
113 0
20511 1.93385e-12
20512 6.06484
20513 0
84 -1.7642e-13
85 4.93656
86 0
20601 1.93199e-12
20602 4.8499
20603 0
20514 1.93195e-12
20515 4.67664
20516 0
14202 8
14203 3.98373
14204 0
5073 8
5074 2.85788
5075 0
14187 8
14188 2.77128
14189 0
5061 8
5062 2.68468
5063 0
14205 8
14206 2.59807
14207 0
5058 8
5059 1.1255
5060 0
14847 8
14848 1.03879
14849 0
3570 8
3571 1.38546
3572 0
5067 8
5068 1.47211
5069 0
5046 8
5047 1.29882
5048 0
1578 8
1579 5.63029
1580 0
3564 8
3565 5.54347
3566 0
19812 7.10772
19813 8
19814 0
14865 8
14866 6.06484
14867 0
13977 3.19987
13978 8
13979 0
4110 1.99799
4111 8
4112 0
11361 2.09833
11362 8
11363 0
5721 0.692168
5722 8
5723 0
12045 0.792092
12046 8
12047 0
786 0.296716
787 8
788 0
18117 0.394884
18118 8
18119 0
732 0.592604
733 8
734 0
1104 1.69669
1105 8
1106 0
11301 1.79717
11302 8
11303 0
13002 1.59615
13003 8
13004 0
7800 1.19374
7801 8
7802 0
11607 3.89999
11608 8
11609 0
5895 2.89972
5896 8
5897 0
14898 2.79963
14899 8
14900 0
19896 0.581315
19897 1.59628e-12
19898 0
13140 0.279138
13141 1.54287e-12
13142 0
13215 1.19009
13216 1.62988e-12
13217 0
22047 1.89671
22048 1.65324e-12
22049 0
9801 1.49354
9802 1.64146e-12
9803 0
15015 1.59449
15016 1.6448e-12
15017 0
123 -1.77135e-13
124 3.03109
125 0
20517 1.9319e-12
20518 4.33016
20519 0
93 -1.77021e-13
94 4.24355
95 0
39 -1.77136e-13
40 2.51147
41 0
20583 1.9319e-12
20584 2.42486
20585 0
12 -1.77136e-13
13 2.33826
14 0
117 -1.77169e-13
118 1.64537
119 0
20580 1.93236e-12
20581 1.55873
20582 0
30 -1.77202e-13
31 1.47211
32 0
14208 8
14209 0.171277
14210 0
3588 8
3589 1.90522
3590 0
5049 8
5050 1.99183
5051 0
5037 8
5038 2.33826
5039 0
14184 8
14185 2.25165
14186 0
3600 8
3601 2.07844
3602 0
1479 5.10037
1480 1.66675e-12
1481 0
2073 4.80017
2074 1.66797e-12
2075 0
20577 1.93906e-12
20578 7.64739
20579 0
126 -1.45813e-13
127 7.55769
128 0
135 -1.57003e-13
136 7.20366
137 0
27 -1.66636e-13
28 6.50099
29 0
33 -1.76665e-13
34 4.76327
35 0
120 -1.74963e-13
121 5.45673
122 0
20619 1.93233e-12
20620 5.36996
20621 0
108 -1.75599e-13
109 5.28327
110 0
20574 1.93255e-12
20575 5.54347
20576 0
102 -1.74137e-13
103 5.63029
104 0
20643 1.93328e-12
20644 5.89087
20645 0
69 -1.73095e-13
70 5.80399
71 0
15654 8
15655 4.07034
15656 0
5043 8
5044 2.51147
5045 0
3585 8
3586 1.21214
3587 0
3579 8
3580 1.55873
3581 0
2469 8
2470 5.45673
2471 0
5196 8
5197 7.64739
5198 0
9963 4.10001
9964 8
9965 0
10899 4.20002
10900 8
10901 0
1233 5.70112
1234 8
1235 0
6144 5.80137
6145 8
6146 0
14172 8
14173 4.67664
14174 0
15651 8
15652 4.59002
15653 0
5202 8
5203 7.55769
5204 0
14850 8
14851 6.23905
14852 0
19917 8
19918 6.15196
19919 0
1194 1.89761
1195 8
1196 0
5583 0.198629
5584 8
5585 0
20484 0.49349
20485 8
20486 0
8205 1.49558
8206 8
8207 0
18069 2.59941
18070 8
18071 0
9549 0.682757
9550 1.60398e-12
9551 0
14514 1.08874
14515 1.62549e-12
14516 0
18747 1.69532
18748 1.64788e-12
18749 0
17568 1.79606
17569 1.65069e-12
17570 0
20568 1.93356e-12
20569 1.03879
20570 0
90 -1.77395e-13
91 0.952126
92 0
20607 1.93264e-12
20608 1.38546
20609 0
20628 1.93188e-12
20629 2.59807
20630 0
20538 1.93217e-12
20539 1.73198
20540 0
15 -1.77151e-13
16 1.8186
17 0
20550 1.93193e-12
20551 2.25165
20552 0
14193 8
14194 2.42486
14195 0
5031 8
5032 2.16505
5033 0
20535 1.9421e-12
20536 7.46935
20537 0
57 -1.52805e-13
58 7.38046
59 0
20592 1.9384e-12
20593 6.76365
20594 0
20523 1.93217e-12
20524 5.19655
20525 0
14214 8
14215 4.15694
14216 0
15441 4
15442 8
15443 0
2085 4.7001
2086 8
2087 0
9444 4.80013
9445 8
9446 0
10629 4.60007
10630 8
10631 0
18474 5.60091
18475 8
18476 0
4200 8
4201 4.76327
4202 0
9633 6.50442
9634 8
9635 0
19626 6.60502
19627 8
19628 0
8508 6.40385
8509 8
8510 0
20082 6.80626
20083 8
20084 0
8034 2.69954
8035 8
8036 0
13524 0.784277
13525 1.61027e-12
13526 0
20598 1.93205e-12
20599 1.90522
20600 0
20529 1.93418e-12
20530 0.86537
20531 0
20625 1.94298e-12
20626 7.29214
20627 0
5070 8
5071 3.03109
5072 0
14175 8
14176 2.94449
14177 0
18948 4.40004
18949 8
18950 0
20817 4.50005
20818 8
20819 0
12624 6.10239
12625 8
12626 0
18255 6.20283
18256 8
18257 0
14190 8
14191 4.50339
14192 0
3591 8
3592 4.8499
3593 0
4203 8
4204 4.93656
4205 0
16833 6.30331
16834 8
16835 0
8751 6.70564
8752 8
8753 0
6114 8
6115 7.46935
6116 0
12471 8
12472 7.38046
12473 0
4428 8
4429 6.41356
4430 0
5118 8
5119 6.50099
5120 0
129 -1.77115e-13
130 3.72391
131 0
20586 1.93187e-12
20587 3.81052
20588 0
60 -1.77097e-13
61 3.89712
62 0
20646 1.93188e-12
20647 4.15694
20648 0
87 -1.77068e-13
88 4.07034
89 0
20544 1.93285e-12
20545 5.71709
20546 0
5040 8
5041 3.20429
5042 0
14178 8
14179 3.11769
14180 0
14199 8
14200 3.4641
14201 0
15660 8
15661 3.3775
15662 0
15648 8
15649 3.55071
15650 0
3291 8
3292 5.28327
3293 0
3576 8
3577 5.19655
3578 0
14676 8
14677 5.10988
14678 0
4164 5.10028
4165 8
4166 0
7125 5.00022
7126 8
7127 0
9288 4.90017
9289 8
9290 0
17670 4.30003
17671 8
17672 0
12690 5.90167
12691 8
12692 0
14121 6.00201
14122 8
14123 0
11463 5.40059
11464 8
11465 0
21543 5.50073
21544 8
21545 0
18258 8
18259 6.32632
18260 0
20541 1.93187e-12
20542 3.63731
20543 0
75 -1.77125e-13
76 3.55071
77 0
20622 1.93188e-12
20623 3.98373
20624 0
14211 8
14212 3.2909
14213 0
3582 8
3583 5.0232
3584 0
3573 8
3574 5.36996
3575 0
15645 8
15646 4.41678
15647 0
5199 8
5200 6.76365
5201 0
11685 8
11686 6.85145
11687 0
2529 8
2530 6.67602
2531 0
5952 8
5953 7.20366
5954 0
6117 8
6118 7.11548
6119 0
11337 5.20037
11338 8
11339 0
14169 8
14170 4.33016
14171 0
15657 8
15658 4.24355
15659 0
15906 8
15907 6.58841
15908 0
16704 8
16705 6.93933
16706 0
19872 8
19873 7.02732
19874 0
17514 8
17515 7.29214
17516 0
20595 1.93187e-12
20596 3.4641
20597 0
14181 8
14182 3.63731
14183 0
4719 5.30046
4720 8
4721 0
